6 3 3 1 4 4
-4.3262696161397995e+00 -3.3957212042245999e-16 -2.4286128663675299e-16 -4.7357950894166834e-16 2.3851239896903193e-16 -1.6755301154387680e-16
-2.9837243786801082e-16 -2.9963752985660514e+00 -3.3219954564955856e-16 1.6653345369377348e-16 1.5141973801574582e-16 3.2575166542700243e-16
-1.3530843112619095e-16 -2.5283594662361963e-16 -1.0701057324436678e+00 -1.1102230246251565e-16 -5.5998410247313725e-16 -6.6557431056338957e-16
-2.9381878874357170e-16 1.4571677198205180e-16 -2.2204460492503131e-16 1.0701057324436674e+00 -9.5515992305186238e-16 1.3069889597153752e-15
2.9143354396410359e-16 2.2204460492503131e-16 -4.4408920985006262e-16 -8.6562701451242674e-16 2.9963752985660479e+00 -5.2796439917657940e-16
0.0000000000000000e+00 4.4408920985006262e-16 -9.6840938046405256e-16 1.4016565685892601e-15 -2.7990936990938598e-16 4.3262696161397987e+00
6.8690742511513481e+00 -1.5299445321285141e-02 -9.7098502483897742e-01 -1.1815261881915685e-02 3.6568195399740225e-02 -1.7519591837379686e-03
-1.5299445321285141e-02 5.8991106038671139e+00 -4.1994651689252573e-02 1.0047228510183950e+00 -2.0368391101448582e-02 3.6587730685818047e-02
-9.7098502483897742e-01 -4.1994651689252573e-02 5.8660861383846994e+00 7.6564879254613513e-02 1.0030334293570837e+00 -2.5467767122287818e-02
-1.1815261881915685e-02 1.0047228510183950e+00 7.6564879254613513e-02 5.8653783958110273e+00 -1.1455132185317214e-01 -9.6613132758497722e-01
3.6568195399740225e-02 -2.0368391101448582e-02 1.0030334293570837e+00 -1.1455132185317214e-01 5.8972195202215723e+00 -1.7853349688492240e-01
-1.7519591837379686e-03 3.6587730685818047e-02 -2.5467767122287818e-02 -9.6613132758497722e-01 -1.7853349688492240e-01 6.8584447471634711e+00
-1.5299445321285091e-02 1.8179709924097411e+00 -2.1179825899515062e-02 4.9316785804829955e-01 -1.1681977892449664e-02 1.0020580892452606e-02
1.8179709924097411e+00 6.8743140922803174e-04 1.3222701489107820e+00 4.8105135389559107e-02 5.0080162695454167e-01 -1.6736398555851011e-02
-2.1179825899515062e-02 1.3222701489107820e+00 1.2227279498087502e-02 -1.3123314510719906e+00 8.1882693955665761e-02 4.8918283525846440e-01
4.9316785804829955e-01 4.8105135389559107e-02 -1.3123314510719906e+00 2.1873417255772017e-02 1.3203405368202885e+00 -1.3719107432393571e-01
-1.1681977892449664e-02 5.0080162695454167e-01 8.1882693955665761e-02 1.3203405368202885e+00 4.6624424247635864e-03 1.8054163493565147e+00
1.0020580892452606e-02 -1.6736398555851011e-02 4.8918283525846440e-01 -1.3719107432393571e-01 1.8054163493565147e+00 1.7853349688492168e-01
-9.7098502483897675e-01 -2.1179825899514955e-02 1.0317605501209890e+00 2.2436675598200961e-02 2.7986346680890634e-01 -8.8880554201526026e-03
-2.1179825899514955e-02 5.8970411401408976e-02 6.1915990797159080e-04 -7.4890905649493023e-01 4.7304264666626641e-02 2.7804971079527718e-01
1.0317605501209890e+00 6.1915990797159080e-04 -2.2543397588670347e-01 -1.1053452121386340e-02 -7.4770490045509919e-01 8.9898426666573494e-02
2.2436675598200961e-02 -7.4890905649493023e-01 -1.1053452121386340e-02 -2.2558048020571514e-01 3.5742630861872061e-03 1.0209808619757654e+00
2.7986346680890634e-01 4.7304264666626641e-02 -7.4770490045509919e-01 3.5742630861872061e-03 5.0334284295233241e-02 1.3719107432393529e-01
-8.8880554201526026e-03 2.7804971079527718e-01 8.9898426666573494e-02 1.0209808619757654e+00 1.3719107432393529e-01 -9.6613132758497877e-01
-1.1815261881915675e-02 4.9316785804829988e-01 2.2436675598200964e-02 6.1384552130399650e-01 -2.1152104113462970e-02 -1.7644260145508689e-01
4.9316785804829988e-01 2.2748667201307228e-02 -1.1941929707454771e-01 -6.9276381269987733e-04 4.3483016173288447e-01 -5.0245350633553058e-02
2.2436675598200964e-02 -1.1941929707454771e-01 2.9196018416599184e-03 -6.0018521467956013e-02 -2.8124976062328471e-03 6.0720315016494031e-01
6.1384552130399650e-01 -6.9276381269987733e-04 -6.0018521467956013e-02 1.4425958964973604e-02 -1.1334268605446926e-01 -8.9898426666572925e-02
-2.1152104113462970e-02 4.3483016173288447e-01 -2.8124976062328471e-03 -1.1334268605446926e-01 -7.6346935892339471e-02 4.8918283525846390e-01
-1.7644260145508689e-01 -5.0245350633553058e-02 6.0720315016494031e-01 -8.9898426666572925e-02 4.8918283525846390e-01 2.5467767122287509e-02
3.6568195399740093e-02 -1.1681977892449789e-02 2.7986346680890634e-01 -2.1152104113462949e-02 3.9548687202841154e-01 -2.4713459716677561e-02
-1.1681977892449789e-02 3.1565498416162685e-01 2.4673316141351674e-02 1.1441665903085337e-01 -1.0027841899890321e-02 3.9239586844208124e-01
2.7986346680890634e-01 2.4673316141351674e-02 -7.8530990958541907e-02 -1.2561245207275289e-02 1.1060997473794314e-01 5.0245350633553273e-02
-2.1152104113462949e-02 1.1441665903085337e-01 -1.2561245207275289e-02 -7.4306140540878987e-02 -4.8550435771379505e-02 2.7804971079527696e-01
3.9548687202841154e-01 -1.0027841899890321e-02 1.1060997473794314e-01 -4.8550435771379505e-02 3.1365718326283137e-01 1.6736398555852471e-02
-2.4713459716677561e-02 3.9239586844208124e-01 5.0245350633553273e-02 2.7804971079527696e-01 1.6736398555852471e-02 3.6587730685816555e-02
-1.7519591837377056e-03 1.0020580892452613e-02 -8.8880554201526945e-03 -1.7644260145508678e-01 -2.4713459716677603e-02 4.0186181298551088e-01
1.0020580892452613e-02 -1.1051522389261841e-02 1.8543767950559897e-01 -3.2421886126504866e-02 2.2313047487969956e-01 2.4713459716677637e-02
-8.8880554201526945e-03 1.8543767950559897e-01 3.5511364250195597e-02 2.1277227093867992e-01 3.2421886126505386e-02 -1.7644260145508686e-01
-1.7644260145508678e-01 -3.2421886126504866e-02 2.1277227093867992e-01 -3.5511364250192579e-02 1.8543767950559886e-01 8.8880554201521394e-03
-2.4713459716677603e-02 2.2313047487969956e-01 3.2421886126505386e-02 1.8543767950559886e-01 1.1051522389265531e-02 1.0020580892452492e-02
4.0186181298551088e-01 2.4713459716677637e-02 -1.7644260145508686e-01 8.8880554201521394e-03 1.0020580892452492e-02 1.7519591837416742e-03
-1.5299445321285091e-02 1.8179709924097411e+00 -2.1179825899515062e-02 4.9316785804829955e-01 -1.1681977892449664e-02 1.0020580892452606e-02
1.8179709924097411e+00 6.8743140922803174e-04 1.3222701489107820e+00 4.8105135389559107e-02 5.0080162695454167e-01 -1.6736398555851011e-02
-2.1179825899515062e-02 1.3222701489107820e+00 1.2227279498087502e-02 -1.3123314510719906e+00 8.1882693955665761e-02 4.8918283525846440e-01
4.9316785804829955e-01 4.8105135389559107e-02 -1.3123314510719906e+00 2.1873417255772017e-02 1.3203405368202885e+00 -1.3719107432393571e-01
-1.1681977892449664e-02 5.0080162695454167e-01 8.1882693955665761e-02 1.3203405368202885e+00 4.6624424247635864e-03 1.8054163493565147e+00
1.0020580892452606e-02 -1.6736398555851011e-02 4.8918283525846440e-01 -1.3719107432393571e-01 1.8054163493565147e+00 1.7853349688492168e-01
5.8991106038671131e+00 6.8743140922741613e-04 5.8970411401408615e-02 2.2748667201307169e-02 3.1565498416162674e-01 -1.1051522389262131e-02
6.8743140922741613e-04 5.9580680614117174e+00 -1.6443994226852440e-02 2.5776538454583703e-01 3.8540881038803987e-02 3.1365718326283365e-01
5.8970411401408615e-02 -1.6443994226852440e-02 5.6412444849964416e+00 4.0149274554895871e-02 2.5794613894577079e-01 7.6346935892339804e-02
2.2748667201307169e-02 2.5776538454583703e-01 4.0149274554895871e-02 5.6405961214623686e+00 -8.6050107323306646e-02 5.0334284295234434e-02
3.1565498416162674e-01 3.8540881038803987e-02 2.5794613894577079e-01 -8.6050107323306646e-02 5.9471933353197501e+00 -4.6624424247639030e-03
-1.1051522389262131e-02 3.1365718326283365e-01 7.6346935892339804e-02 5.0334284295234434e-02 -4.6624424247639030e-03 5.8972195202215785e+00
-4.1994651689252809e-02 1.3222701489107818e+00 6.1915990797145972e-04 -1.1941929707454772e-01 2.4673316141351723e-02 1.8543767950559917e-01
1.3222701489107818e+00 -1.6443994226853186e-02 1.4398302055615118e+00 1.9907589367764465e-02 6.7918700869112392e-02 4.8550435771380206e-02
6.1915990797145972e-04 1.4398302055615118e+00 -5.3274050227879416e-04 -1.2511723017477328e+00 5.5755199654761028e-02 -1.1334268605446973e-01
-1.1941929707454772e-01 1.9907589367764465e-02 -1.2511723017477328e+00 -2.3382706895913271e-03 1.4312129807858560e+00 -3.5742630861887344e-03
2.4673316141351723e-02 6.7918700869112392e-02 5.5755199654761028e-02 1.4312129807858560e+00 8.6050107323308256e-02 1.3203405368202876e+00
1.8543767950559917e-01 4.8550435771380206e-02 -1.1334268605446973e-01 -3.5742630861887344e-03 1.3203405368202876e+00 1.1455132185317309e-01
1.0047228510183948e+00 4.8105135389559121e-02 -7.4890905649493045e-01 -6.9276381269987690e-04 1.1441665903085346e-01 -3.2421886126505137e-02
4.8105135389559121e-02 2.5776538454583664e-01 1.9907589367764555e-02 8.6221037543362145e-01 -3.1170746436923021e-02 1.1060997473794365e-01
-7.4890905649493045e-01 1.9907589367764555e-02 1.4632475678262746e-01 -1.4166289921741699e-02 8.5630579220188963e-01 2.8124976062320829e-03
-6.9276381269987690e-04 8.6221037543362145e-01 -1.4166289921741699e-02 1.5245689147557565e-01 -5.5755199654761035e-02 -7.4770490045509808e-01
1.1441665903085346e-01 -3.1170746436923021e-02 8.5630579220188963e-01 -5.5755199654761035e-02 2.5794613894577206e-01 -8.1882693955666302e-02
-3.2421886126505137e-02 1.1060997473794365e-01 2.8124976062320829e-03 -7.4770490045509808e-01 -8.1882693955666302e-02 1.0030334293570859e+00
-2.0368391101448526e-02 5.0080162695454167e-01 4.7304264666626676e-02 4.3483016173288419e-01 -1.0027841899890221e-02 2.2313047487969961e-01
5.0080162695454167e-01 3.8540881038803626e-02 6.7918700869112447e-02 -3.1170746436922869e-02 6.5643349315500243e-01 1.0027841899890921e-02
4.7304264666626676e-02 6.7918700869112447e-02 2.9552289504604930e-02 1.5162451298165544e-01 3.1170746436923278e-02 4.3483016173288414e-01
4.3483016173288419e-01 -3.1170746436922869e-02 1.5162451298165544e-01 -2.9552289504602081e-02 6.7918700869112489e-02 -4.7304264666627231e-02
-1.0027841899890221e-02 6.5643349315500243e-01 3.1170746436923278e-02 6.7918700869112489e-02 -3.8540881038800386e-02 5.0080162695454122e-01
2.2313047487969961e-01 1.0027841899890921e-02 4.3483016173288414e-01 -4.7304264666627231e-02 5.0080162695454122e-01 2.0368391101452343e-02
3.6587730685818054e-02 -1.6736398555851004e-02 2.7804971079527718e-01 -5.0245350633553086e-02 3.9239586844208135e-01 2.4713459716677613e-02
-1.6736398555851004e-02 3.1365718326283398e-01 4.8550435771380060e-02 1.1060997473794368e-01 1.0027841899890790e-02 3.9548687202841232e-01
2.7804971079527718e-01 4.8550435771380060e-02 -7.4306140540877808e-02 1.2561245207274330e-02 1.1441665903085327e-01 2.1152104113463271e-02
-5.0245350633553086e-02 1.1060997473794368e-01 1.2561245207274330e-02 -7.8530990958540201e-02 -2.4673316141351122e-02 2.7986346680890645e-01
3.9239586844208135e-01 1.0027841899890790e-02 1.1441665903085327e-01 -2.4673316141351122e-02 3.1565498416162796e-01 1.1681977892450995e-02
2.4713459716677613e-02 3.9548687202841232e-01 2.1152104113463271e-02 2.7986346680890645e-01 1.1681977892450995e-02 3.6568195399741980e-02
-9.7098502483897675e-01 -2.1179825899514955e-02 1.0317605501209890e+00 2.2436675598200961e-02 2.7986346680890634e-01 -8.8880554201526026e-03
-2.1179825899514955e-02 5.8970411401408976e-02 6.1915990797159080e-04 -7.4890905649493023e-01 4.7304264666626641e-02 2.7804971079527718e-01
1.0317605501209890e+00 6.1915990797159080e-04 -2.2543397588670347e-01 -1.1053452121386340e-02 -7.4770490045509919e-01 8.9898426666573494e-02
2.2436675598200961e-02 -7.4890905649493023e-01 -1.1053452121386340e-02 -2.2558048020571514e-01 3.5742630861872061e-03 1.0209808619757654e+00
2.7986346680890634e-01 4.7304264666626641e-02 -7.4770490045509919e-01 3.5742630861872061e-03 5.0334284295233241e-02 1.3719107432393529e-01
-8.8880554201526026e-03 2.7804971079527718e-01 8.9898426666573494e-02 1.0209808619757654e+00 1.3719107432393529e-01 -9.6613132758497877e-01
-4.1994651689252809e-02 1.3222701489107818e+00 6.1915990797145972e-04 -1.1941929707454772e-01 2.4673316141351723e-02 1.8543767950559917e-01
1.3222701489107818e+00 -1.6443994226853186e-02 1.4398302055615118e+00 1.9907589367764465e-02 6.7918700869112392e-02 4.8550435771380206e-02
6.1915990797145972e-04 1.4398302055615118e+00 -5.3274050227879416e-04 -1.2511723017477328e+00 5.5755199654761028e-02 -1.1334268605446973e-01
-1.1941929707454772e-01 1.9907589367764465e-02 -1.2511723017477328e+00 -2.3382706895913271e-03 1.4312129807858560e+00 -3.5742630861887344e-03
2.4673316141351723e-02 6.7918700869112392e-02 5.5755199654761028e-02 1.4312129807858560e+00 8.6050107323308256e-02 1.3203405368202876e+00
1.8543767950559917e-01 4.8550435771380206e-02 -1.1334268605446973e-01 -3.5742630861887344e-03 1.3203405368202876e+00 1.1455132185317309e-01
5.8660861383846994e+00 1.2227279498088271e-02 -2.2543397588670380e-01 2.9196018416601348e-03 -7.8530990958542005e-02 3.5511364250195535e-02
1.2227279498088271e-02 5.6412444849964434e+00 -5.3274050227876076e-04 1.4632475678262746e-01 2.9552289504605089e-02 -7.4306140540877724e-02
-2.2543397588670380e-01 -5.3274050227876076e-04 5.7209343149944312e+00 3.4251652396476137e-02 1.5245689147557420e-01 -1.4425958964973363e-02
2.9196018416601348e-03 1.4632475678262746e-01 3.4251652396476137e-02 5.7139683019348890e+00 2.3382706895907304e-03 -2.2558048020571450e-01
-7.8530990958542005e-02 2.9552289504605089e-02 1.5245689147557420e-01 2.3382706895907304e-03 5.6405961214623623e+00 -2.1873417255772690e-02
3.5511364250195535e-02 -7.4306140540877724e-02 -1.4425958964973363e-02 -2.2558048020571450e-01 -2.1873417255772690e-02 5.8653783958110282e+00
7.6564879254613319e-02 -1.3123314510719908e+00 -1.1053452121386323e-02 -6.0018521467956061e-02 -1.2561245207275227e-02 2.1277227093868009e-01
-1.3123314510719908e+00 4.0149274554896558e-02 -1.2511723017477328e+00 -1.4166289921741600e-02 1.5162451298165566e-01 1.2561245207274384e-02
-1.1053452121386323e-02 -1.2511723017477328e+00 3.4251652396476387e-02 1.4614190325854473e+00 1.4166289921741527e-02 -6.0018521467955936e-02
-6.0018521467956061e-02 -1.4166289921741600e-02 1.4614190325854473e+00 -3.4251652396476220e-02 -1.2511723017477323e+00 1.1053452121387655e-02
-1.2561245207275227e-02 1.5162451298165566e-01 1.4166289921741527e-02 -1.2511723017477323e+00 -4.0149274554896891e-02 -1.3123314510719897e+00
2.1277227093868009e-01 1.2561245207274384e-02 -6.0018521467955936e-02 1.1053452121387655e-02 -1.3123314510719897e+00 -7.6564879254613763e-02
1.0030334293570839e+00 8.1882693955665706e-02 -7.4770490045509896e-01 -2.8124976062329694e-03 1.1060997473794330e-01 3.2421886126505393e-02
8.1882693955665706e-02 2.5794613894577018e-01 5.5755199654761035e-02 8.5630579220188940e-01 3.1170746436923278e-02 1.1441665903085330e-01
-7.4770490045509896e-01 5.5755199654761035e-02 1.5245689147557406e-01 1.4166289921741404e-02 8.6221037543362089e-01 6.9276381269890849e-04
-2.8124976062329694e-03 8.5630579220188940e-01 1.4166289921741404e-02 1.4632475678262488e-01 -1.9907589367764305e-02 -7.4890905649492956e-01
1.1060997473794330e-01 3.1170746436923278e-02 8.6221037543362089e-01 -1.9907589367764305e-02 2.5776538454583420e-01 -4.8105135389559676e-02
3.2421886126505393e-02 1.1441665903085330e-01 6.9276381269890849e-04 -7.4890905649492956e-01 -4.8105135389559676e-02 1.0047228510183921e+00
-2.5467767122287668e-02 4.8918283525846440e-01 8.9898426666573564e-02 6.0720315016494009e-01 5.0245350633553253e-02 -1.7644260145508686e-01
4.8918283525846440e-01 7.6346935892339790e-02 -1.1334268605446968e-01 2.8124976062321844e-03 4.3483016173288430e-01 2.1152104113463271e-02
8.9898426666573564e-02 -1.1334268605446968e-01 -1.4425958964973347e-02 -6.0018521467956047e-02 6.9276381269896541e-04 6.1384552130399639e-01
6.0720315016494009e-01 2.8124976062321844e-03 -6.0018521467956047e-02 -2.9196018416596387e-03 -1.1941929707454770e-01 -2.2436675598200461e-02
5.0245350633553253e-02 4.3483016173288430e-01 6.9276381269896541e-04 -1.1941929707454770e-01 -2.2748667201306656e-02 4.9316785804829877e-01
-1.7644260145508686e-01 2.1152104113463271e-02 6.1384552130399639e-01 -2.2436675598200461e-02 4.9316785804829877e-01 1.1815261881915213e-02
-1.1815261881915675e-02 4.9316785804829988e-01 2.2436675598200964e-02 6.1384552130399650e-01 -2.1152104113462970e-02 -1.7644260145508689e-01
4.9316785804829988e-01 2.2748667201307228e-02 -1.1941929707454771e-01 -6.9276381269987733e-04 4.3483016173288447e-01 -5.0245350633553058e-02
2.2436675598200964e-02 -1.1941929707454771e-01 2.9196018416599184e-03 -6.0018521467956013e-02 -2.8124976062328471e-03 6.0720315016494031e-01
6.1384552130399650e-01 -6.9276381269987733e-04 -6.0018521467956013e-02 1.4425958964973604e-02 -1.1334268605446926e-01 -8.9898426666572925e-02
-2.1152104113462970e-02 4.3483016173288447e-01 -2.8124976062328471e-03 -1.1334268605446926e-01 -7.6346935892339471e-02 4.8918283525846390e-01
-1.7644260145508689e-01 -5.0245350633553058e-02 6.0720315016494031e-01 -8.9898426666572925e-02 4.8918283525846390e-01 2.5467767122287509e-02
1.0047228510183948e+00 4.8105135389559121e-02 -7.4890905649493045e-01 -6.9276381269987690e-04 1.1441665903085346e-01 -3.2421886126505137e-02
4.8105135389559121e-02 2.5776538454583664e-01 1.9907589367764555e-02 8.6221037543362145e-01 -3.1170746436923021e-02 1.1060997473794365e-01
-7.4890905649493045e-01 1.9907589367764555e-02 1.4632475678262746e-01 -1.4166289921741699e-02 8.5630579220188963e-01 2.8124976062320829e-03
-6.9276381269987690e-04 8.6221037543362145e-01 -1.4166289921741699e-02 1.5245689147557565e-01 -5.5755199654761035e-02 -7.4770490045509808e-01
1.1441665903085346e-01 -3.1170746436923021e-02 8.5630579220188963e-01 -5.5755199654761035e-02 2.5794613894577206e-01 -8.1882693955666302e-02
-3.2421886126505137e-02 1.1060997473794365e-01 2.8124976062320829e-03 -7.4770490045509808e-01 -8.1882693955666302e-02 1.0030334293570859e+00
7.6564879254613319e-02 -1.3123314510719908e+00 -1.1053452121386323e-02 -6.0018521467956061e-02 -1.2561245207275227e-02 2.1277227093868009e-01
-1.3123314510719908e+00 4.0149274554896558e-02 -1.2511723017477328e+00 -1.4166289921741600e-02 1.5162451298165566e-01 1.2561245207274384e-02
-1.1053452121386323e-02 -1.2511723017477328e+00 3.4251652396476387e-02 1.4614190325854473e+00 1.4166289921741527e-02 -6.0018521467955936e-02
-6.0018521467956061e-02 -1.4166289921741600e-02 1.4614190325854473e+00 -3.4251652396476220e-02 -1.2511723017477323e+00 1.1053452121387655e-02
-1.2561245207275227e-02 1.5162451298165566e-01 1.4166289921741527e-02 -1.2511723017477323e+00 -4.0149274554896891e-02 -1.3123314510719897e+00
2.1277227093868009e-01 1.2561245207274384e-02 -6.0018521467955936e-02 1.1053452121387655e-02 -1.3123314510719897e+00 -7.6564879254613763e-02
5.8653783958110264e+00 2.1873417255771521e-02 -2.2558048020571525e-01 1.4425958964973753e-02 -7.4306140540878987e-02 -3.5511364250192565e-02
2.1873417255771521e-02 5.6405961214623686e+00 -2.3382706895912733e-03 1.5245689147557578e-01 -2.9552289504602165e-02 -7.8530990958540089e-02
-2.2558048020571525e-01 -2.3382706895912733e-03 5.7139683019348908e+00 -3.4251652396475492e-02 1.4632475678262549e-01 -2.9196018416597202e-03
1.4425958964973753e-02 1.5245689147557578e-01 -3.4251652396475492e-02 5.7209343149944258e+00 5.3274050227846803e-04 -2.2543397588670200e-01
-7.4306140540878987e-02 -2.9552289504602165e-02 1.4632475678262549e-01 5.3274050227846803e-04 5.6412444849964336e+00 -1.2227279498089055e-02
-3.5511364250192565e-02 -7.8530990958540089e-02 -2.9196018416597202e-03 -2.2543397588670200e-01 -1.2227279498089055e-02 5.8660861383846949e+00
-1.1455132185317184e-01 1.3203405368202885e+00 3.5742630861874628e-03 -1.1334268605446919e-01 -4.8550435771379449e-02 1.8543767950559881e-01
1.3203405368202885e+00 -8.6050107323306924e-02 1.4312129807858562e+00 -5.5755199654761105e-02 6.7918700869112447e-02 -2.4673316141350987e-02
3.5742630861874628e-03 1.4312129807858562e+00 2.3382706895909225e-03 -1.2511723017477323e+00 -1.9907589367764166e-02 -1.1941929707454765e-01
-1.1334268605446919e-01 -5.5755199654761105e-02 -1.2511723017477323e+00 5.3274050227819069e-04 1.4398302055615111e+00 -6.1915990797280196e-04
-4.8550435771379449e-02 6.7918700869112447e-02 -1.9907589367764166e-02 1.4398302055615111e+00 1.6443994226854036e-02 1.3222701489107807e+00
1.8543767950559881e-01 -2.4673316141350987e-02 -1.1941929707454765e-01 -6.1915990797280196e-04 1.3222701489107807e+00 4.1994651689253197e-02
-9.6613132758497677e-01 -1.3719107432393560e-01 1.0209808619757654e+00 -8.9898426666572939e-02 2.7804971079527707e-01 8.8880554201521220e-03
-1.3719107432393560e-01 5.0334284295234274e-02 -3.5742630861887855e-03 -7.4770490045509830e-01 -4.7304264666627148e-02 2.7986346680890645e-01
1.0209808619757654e+00 -3.5742630861887855e-03 -2.2558048020571414e-01 1.1053452121387655e-02 -7.4890905649492978e-01 -2.2436675598200492e-02
-8.9898426666572939e-02 -7.4770490045509830e-01 1.1053452121387655e-02 -2.2543397588670208e-01 -6.1915990797306315e-04 1.0317605501209874e+00
2.7804971079527707e-01 -4.7304264666627148e-02 -7.4890905649492978e-01 -6.1915990797306315e-04 5.8970411401409920e-02 2.1179825899514466e-02
8.8880554201521220e-03 2.7986346680890645e-01 -2.2436675598200492e-02 1.0317605501209874e+00 2.1179825899514466e-02 -9.7098502483897531e-01
3.6568195399740093e-02 -1.1681977892449789e-02 2.7986346680890634e-01 -2.1152104113462949e-02 3.9548687202841154e-01 -2.4713459716677561e-02
-1.1681977892449789e-02 3.1565498416162685e-01 2.4673316141351674e-02 1.1441665903085337e-01 -1.0027841899890321e-02 3.9239586844208124e-01
2.7986346680890634e-01 2.4673316141351674e-02 -7.8530990958541907e-02 -1.2561245207275289e-02 1.1060997473794314e-01 5.0245350633553273e-02
-2.1152104113462949e-02 1.1441665903085337e-01 -1.2561245207275289e-02 -7.4306140540878987e-02 -4.8550435771379505e-02 2.7804971079527696e-01
3.9548687202841154e-01 -1.0027841899890321e-02 1.1060997473794314e-01 -4.8550435771379505e-02 3.1365718326283137e-01 1.6736398555852471e-02
-2.4713459716677561e-02 3.9239586844208124e-01 5.0245350633553273e-02 2.7804971079527696e-01 1.6736398555852471e-02 3.6587730685816555e-02
-2.0368391101448526e-02 5.0080162695454167e-01 4.7304264666626676e-02 4.3483016173288419e-01 -1.0027841899890221e-02 2.2313047487969961e-01
5.0080162695454167e-01 3.8540881038803626e-02 6.7918700869112447e-02 -3.1170746436922869e-02 6.5643349315500243e-01 1.0027841899890921e-02
4.7304264666626676e-02 6.7918700869112447e-02 2.9552289504604930e-02 1.5162451298165544e-01 3.1170746436923278e-02 4.3483016173288414e-01
4.3483016173288419e-01 -3.1170746436922869e-02 1.5162451298165544e-01 -2.9552289504602081e-02 6.7918700869112489e-02 -4.7304264666627231e-02
-1.0027841899890221e-02 6.5643349315500243e-01 3.1170746436923278e-02 6.7918700869112489e-02 -3.8540881038800386e-02 5.0080162695454122e-01
2.2313047487969961e-01 1.0027841899890921e-02 4.3483016173288414e-01 -4.7304264666627231e-02 5.0080162695454122e-01 2.0368391101452343e-02
1.0030334293570839e+00 8.1882693955665706e-02 -7.4770490045509896e-01 -2.8124976062329694e-03 1.1060997473794330e-01 3.2421886126505393e-02
8.1882693955665706e-02 2.5794613894577018e-01 5.5755199654761035e-02 8.5630579220188940e-01 3.1170746436923278e-02 1.1441665903085330e-01
-7.4770490045509896e-01 5.5755199654761035e-02 1.5245689147557406e-01 1.4166289921741404e-02 8.6221037543362089e-01 6.9276381269890849e-04
-2.8124976062329694e-03 8.5630579220188940e-01 1.4166289921741404e-02 1.4632475678262488e-01 -1.9907589367764305e-02 -7.4890905649492956e-01
1.1060997473794330e-01 3.1170746436923278e-02 8.6221037543362089e-01 -1.9907589367764305e-02 2.5776538454583420e-01 -4.8105135389559676e-02
3.2421886126505393e-02 1.1441665903085330e-01 6.9276381269890849e-04 -7.4890905649492956e-01 -4.8105135389559676e-02 1.0047228510183921e+00
-1.1455132185317184e-01 1.3203405368202885e+00 3.5742630861874628e-03 -1.1334268605446919e-01 -4.8550435771379449e-02 1.8543767950559881e-01
1.3203405368202885e+00 -8.6050107323306924e-02 1.4312129807858562e+00 -5.5755199654761105e-02 6.7918700869112447e-02 -2.4673316141350987e-02
3.5742630861874628e-03 1.4312129807858562e+00 2.3382706895909225e-03 -1.2511723017477323e+00 -1.9907589367764166e-02 -1.1941929707454765e-01
-1.1334268605446919e-01 -5.5755199654761105e-02 -1.2511723017477323e+00 5.3274050227819069e-04 1.4398302055615111e+00 -6.1915990797280196e-04
-4.8550435771379449e-02 6.7918700869112447e-02 -1.9907589367764166e-02 1.4398302055615111e+00 1.6443994226854036e-02 1.3222701489107807e+00
1.8543767950559881e-01 -2.4673316141350987e-02 -1.1941929707454765e-01 -6.1915990797280196e-04 1.3222701489107807e+00 4.1994651689253197e-02
5.8972195202215714e+00 4.6624424247644304e-03 5.0334284295233081e-02 -7.6346935892339443e-02 3.1365718326283126e-01 1.1051522389265368e-02
4.6624424247644304e-03 5.9471933353197493e+00 8.6050107323308367e-02 2.5794613894577212e-01 -3.8540881038800275e-02 3.1565498416162807e-01
5.0334284295233081e-02 8.6050107323308367e-02 5.6405961214623632e+00 -4.0149274554897613e-02 2.5776538454583436e-01 -2.2748667201306850e-02
-7.6346935892339443e-02 2.5794613894577212e-01 -4.0149274554897613e-02 5.6412444849964336e+00 1.6443994226853855e-02 5.8970411401410038e-02
3.1365718326283126e-01 -3.8540881038800275e-02 2.5776538454583436e-01 1.6443994226853855e-02 5.9580680614117014e+00 -6.8743140922687283e-04
1.1051522389265368e-02 3.1565498416162807e-01 -2.2748667201306850e-02 5.8970411401410038e-02 -6.8743140922687283e-04 5.8991106038671060e+00
-1.7853349688492168e-01 1.8054163493565147e+00 1.3719107432393512e-01 4.8918283525846401e-01 1.6736398555852471e-02 1.0020580892452459e-02
1.8054163493565147e+00 -4.6624424247631545e-03 1.3203405368202874e+00 -8.1882693955666469e-02 5.0080162695454100e-01 1.1681977892451102e-02
1.3719107432393512e-01 1.3203405368202874e+00 -2.1873417255772219e-02 -1.3123314510719899e+00 -4.8105135389559683e-02 4.9316785804829899e-01
4.8918283525846401e-01 -8.1882693955666469e-02 -1.3123314510719899e+00 -1.2227279498088507e-02 1.3222701489107807e+00 2.1179825899514441e-02
1.6736398555852471e-02 5.0080162695454100e-01 -4.8105135389559683e-02 1.3222701489107807e+00 -6.8743140922608071e-04 1.8179709924097383e+00
1.0020580892452459e-02 1.1681977892451102e-02 4.9316785804829899e-01 2.1179825899514441e-02 1.8179709924097383e+00 1.5299445321283925e-02
-1.7519591837377056e-03 1.0020580892452613e-02 -8.8880554201526945e-03 -1.7644260145508678e-01 -2.4713459716677603e-02 4.0186181298551088e-01
1.0020580892452613e-02 -1.1051522389261841e-02 1.8543767950559897e-01 -3.2421886126504866e-02 2.2313047487969956e-01 2.4713459716677637e-02
-8.8880554201526945e-03 1.8543767950559897e-01 3.5511364250195597e-02 2.1277227093867992e-01 3.2421886126505386e-02 -1.7644260145508686e-01
-1.7644260145508678e-01 -3.2421886126504866e-02 2.1277227093867992e-01 -3.5511364250192579e-02 1.8543767950559886e-01 8.8880554201521394e-03
-2.4713459716677603e-02 2.2313047487969956e-01 3.2421886126505386e-02 1.8543767950559886e-01 1.1051522389265531e-02 1.0020580892452492e-02
4.0186181298551088e-01 2.4713459716677637e-02 -1.7644260145508686e-01 8.8880554201521394e-03 1.0020580892452492e-02 1.7519591837416742e-03
3.6587730685818054e-02 -1.6736398555851004e-02 2.7804971079527718e-01 -5.0245350633553086e-02 3.9239586844208135e-01 2.4713459716677613e-02
-1.6736398555851004e-02 3.1365718326283398e-01 4.8550435771380060e-02 1.1060997473794368e-01 1.0027841899890790e-02 3.9548687202841232e-01
2.7804971079527718e-01 4.8550435771380060e-02 -7.4306140540877808e-02 1.2561245207274330e-02 1.1441665903085327e-01 2.1152104113463271e-02
-5.0245350633553086e-02 1.1060997473794368e-01 1.2561245207274330e-02 -7.8530990958540201e-02 -2.4673316141351122e-02 2.7986346680890645e-01
3.9239586844208135e-01 1.0027841899890790e-02 1.1441665903085327e-01 -2.4673316141351122e-02 3.1565498416162796e-01 1.1681977892450995e-02
2.4713459716677613e-02 3.9548687202841232e-01 2.1152104113463271e-02 2.7986346680890645e-01 1.1681977892450995e-02 3.6568195399741980e-02
-2.5467767122287668e-02 4.8918283525846440e-01 8.9898426666573564e-02 6.0720315016494009e-01 5.0245350633553253e-02 -1.7644260145508686e-01
4.8918283525846440e-01 7.6346935892339790e-02 -1.1334268605446968e-01 2.8124976062321844e-03 4.3483016173288430e-01 2.1152104113463271e-02
8.9898426666573564e-02 -1.1334268605446968e-01 -1.4425958964973347e-02 -6.0018521467956047e-02 6.9276381269896541e-04 6.1384552130399639e-01
6.0720315016494009e-01 2.8124976062321844e-03 -6.0018521467956047e-02 -2.9196018416596387e-03 -1.1941929707454770e-01 -2.2436675598200461e-02
5.0245350633553253e-02 4.3483016173288430e-01 6.9276381269896541e-04 -1.1941929707454770e-01 -2.2748667201306656e-02 4.9316785804829877e-01
-1.7644260145508686e-01 2.1152104113463271e-02 6.1384552130399639e-01 -2.2436675598200461e-02 4.9316785804829877e-01 1.1815261881915213e-02
-9.6613132758497677e-01 -1.3719107432393560e-01 1.0209808619757654e+00 -8.9898426666572939e-02 2.7804971079527707e-01 8.8880554201521220e-03
-1.3719107432393560e-01 5.0334284295234274e-02 -3.5742630861887855e-03 -7.4770490045509830e-01 -4.7304264666627148e-02 2.7986346680890645e-01
1.0209808619757654e+00 -3.5742630861887855e-03 -2.2558048020571414e-01 1.1053452121387655e-02 -7.4890905649492978e-01 -2.2436675598200492e-02
-8.9898426666572939e-02 -7.4770490045509830e-01 1.1053452121387655e-02 -2.2543397588670208e-01 -6.1915990797306315e-04 1.0317605501209874e+00
2.7804971079527707e-01 -4.7304264666627148e-02 -7.4890905649492978e-01 -6.1915990797306315e-04 5.8970411401409920e-02 2.1179825899514466e-02
8.8880554201521220e-03 2.7986346680890645e-01 -2.2436675598200492e-02 1.0317605501209874e+00 2.1179825899514466e-02 -9.7098502483897531e-01
-1.7853349688492168e-01 1.8054163493565147e+00 1.3719107432393512e-01 4.8918283525846401e-01 1.6736398555852471e-02 1.0020580892452459e-02
1.8054163493565147e+00 -4.6624424247631545e-03 1.3203405368202874e+00 -8.1882693955666469e-02 5.0080162695454100e-01 1.1681977892451102e-02
1.3719107432393512e-01 1.3203405368202874e+00 -2.1873417255772219e-02 -1.3123314510719899e+00 -4.8105135389559683e-02 4.9316785804829899e-01
4.8918283525846401e-01 -8.1882693955666469e-02 -1.3123314510719899e+00 -1.2227279498088507e-02 1.3222701489107807e+00 2.1179825899514441e-02
1.6736398555852471e-02 5.0080162695454100e-01 -4.8105135389559683e-02 1.3222701489107807e+00 -6.8743140922608071e-04 1.8179709924097383e+00
1.0020580892452459e-02 1.1681977892451102e-02 4.9316785804829899e-01 2.1179825899514441e-02 1.8179709924097383e+00 1.5299445321283925e-02
6.8584447471634720e+00 1.7853349688492176e-01 -9.6613132758497899e-01 2.5467767122287505e-02 3.6587730685816312e-02 1.7519591837416282e-03
1.7853349688492176e-01 5.8972195202215776e+00 1.1455132185317263e-01 1.0030334293570862e+00 2.0368391101452069e-02 3.6568195399742015e-02
-9.6613132758497899e-01 1.1455132185317263e-01 5.8653783958110273e+00 -7.6564879254614041e-02 1.0047228510183923e+00 1.1815261881915305e-02
2.5467767122287505e-02 1.0030334293570862e+00 -7.6564879254614041e-02 5.8660861383846941e+00 4.1994651689253273e-02 -9.7098502483897486e-01
3.6587730685816312e-02 2.0368391101452069e-02 1.0047228510183923e+00 4.1994651689253273e-02 5.8991106038671051e+00 1.5299445321284482e-02
1.7519591837416282e-03 3.6568195399742015e-02 1.1815261881915305e-02 -9.7098502483897486e-01 1.5299445321284482e-02 6.8690742511513472e+00
5.8419815489194342e+01 6.0500672250036267e+01 6.2549634348816213e+01 6.2746850874964437e+01
