8 36
 -1.6466740763003578E+00 -9.5617138296580685E-17  1.0790886846304346E-01  1.3123680261740162E-15  5.7980197756259913E-02 -1.3074218598344119E-15 -1.0591065916379500E-02 -9.4143707661146011E-16
 -1.3556868941450918E-16 -1.4001361991020338E+00 -2.7570685076444027E-17  1.3860035608372134E-01  8.1327070333758753E-16  5.9844520233110161E-02  3.2118466636222691E-15 -7.7110432192749453E-03
  1.0790886846304330E-01 -8.0625103589862934E-17 -1.1753439057688313E+00 -6.7962157208793890E-16  1.9296959916007026E-02 -4.2682243101296388E-15  9.0404930275266721E-02  7.3568585986667608E-15
  1.1863290667725007E-15  1.3860035608372129E-01 -5.8320510151682940E-16 -1.0119710760187404E+00  1.7343334793790946E-15  8.3874486529705472E-02 -8.3341271971195384E-15  1.0509311575797060E-01
  5.7980197756259830E-02  6.9352149975391297E-16  1.9296959916007120E-02  1.6304399433389151E-15 -3.7768412947414864E-01  1.2220137014285220E-16  9.8058513201704764E-02  7.2984151706310738E-15
 -1.5421724787645150E-15  5.9844520233110460E-02 -4.0941171803471075E-15  8.3874486529705611E-02  1.3763755875043940E-16 -2.1637406388894725E-01 -2.7597202291971382E-15  4.4582355684879543E-03
 -1.0591065916379691E-02  3.3067853864385315E-15  9.0404930275267067E-02 -8.3877801867790777E-15  9.8058513201704736E-02 -2.6523124655043222E-15 -2.0060126750838830E-01  1.9581392756137602E-15
 -8.9206240760005547E-16 -7.7110432192747033E-03  7.2570491388201118E-15  1.0509311575797156E-01  7.0942838369194263E-15  4.4582355684883602E-03  1.9162969843173980E-15 -2.0860834825706637E-01
  4.7071910486761931E-01 -5.7081063936266023E-16 -8.1932694719804605E-02 -1.8016298152492772E-16 -7.1936844032782818E-02  5.5383477553356983E-16  4.0097053970845765E-02  3.0873976663152249E-15
 -5.7081063936266023E-16  3.7860624633461326E-01 -2.4355162427483289E-16 -8.9698466138558419E-02 -5.9676337204720394E-16 -3.1983043207330288E-02 -5.1294034204207889E-15  4.6443443451721064E-02
 -8.1932694719804605E-02 -2.4355162427483289E-16  3.6046971186058280E-01 -2.5621398381073775E-16  2.4934624743259358E-03  2.4926134330324731E-15 -7.1462333482767038E-02 -6.0018844012429312E-15
 -1.8016298152492772E-16 -8.9698466138558419E-02 -2.5621398381073775E-16  4.1070502762954608E-01 -9.0127481402045314E-16 -6.1325659940150788E-02  6.8118266001522382E-15 -1.0499513460545987E-01
 -7.1936844032782818E-02 -5.9676337204720394E-16  2.4934624743259358E-03 -9.0127481402045314E-16  3.7619788506590945E-01  2.4228322190930552E-16 -7.3580340883676362E-02 -5.5036397522789344E-15
  5.5383477553356983E-16 -3.1983043207330288E-02  2.4926134330324731E-15 -6.1325659940150788E-02  2.4228322190930552E-16  2.9868441036834964E-01 -1.5135161178832159E-15  6.3719630850196558E-03
  4.0097053970845765E-02 -5.1294034204207889E-15 -7.1462333482767038E-02  6.8118266001522382E-15 -7.3580340883676362E-02 -1.5135161178832159E-15  3.6635160950801521E-01 -6.4215200987796521E-15
  3.0873976663152249E-15  4.6443443451721064E-02 -6.0018844012429312E-15 -1.0499513460545987E-01 -5.5036397522789344E-15  6.3719630850196558E-03 -6.4215200987796521E-15  4.3687353296147885E-01
 -6.0437988689444285E-16  1.3108814642232669E-01 -5.7471581569840436E-17 -5.3374875158934382E-02 -4.2411280920674089E-16 -1.9727751340072482E-02 -3.7303288808304956E-15  3.5900518174419645E-02
  1.3108814642232669E-01  3.8287134068649590E-16  8.4287930434451416E-02 -6.4260538077775234E-17 -4.6462761431244906E-02  1.6727786352127493E-15 -1.7083513607032110E-02 -1.5218289834591585E-15
 -5.7471581569840436E-17  8.4287930434451416E-02 -6.5625799179555432E-16  1.0512506691118649E-01 -1.1864320921780310E-15 -5.4187565575989541E-02  7.4969547246298897E-16 -2.5375182091315177E-02
 -5.3374875158934382E-02 -6.4260538077775234E-17  1.0512506691118649E-01  1.1646913870579032E-15  1.4217823021249821E-02  8.0755607009310429E-16 -4.8323310030734236E-02 -4.5112254701331690E-15
 -4.2411280920674089E-16 -4.6462761431244906E-02 -1.1864320921780310E-15  1.4217823021249821E-02  4.4554673038411613E-15  8.8644002526670540E-02  1.1948896027648520E-14 -8.2626515303100931E-02
 -1.9727751340072482E-02  1.6727786352127493E-15 -5.4187565575989541E-02  8.0755607009310429E-16  8.8644002526670540E-02 -1.0948945624643542E-14  1.1168127506559812E-01  1.0042083886285790E-14
 -3.7303288808304956E-15 -1.7083513607032110E-02  7.4969547246298897E-16 -4.8323310030734236E-02  1.1948896027648520E-14  1.1168127506559812E-01 -3.6955675515730745E-15  6.0603500749048966E-02
  3.5900518174419645E-02 -1.5218289834591585E-15 -2.5375182091315177E-02 -4.5112254701331690E-15 -8.2626515303100931E-02  1.0042083886285790E-14  6.0603500749048966E-02  9.6631502023508394E-15
 -8.1932694719804577E-02 -7.1692478805204755E-17  8.1610417009335773E-02  7.7107195156471075E-17  1.3382842400411340E-02  1.0717686025667401E-15 -3.8261736624122203E-02 -2.9962623120840749E-15
 -7.1692478805204755E-17  8.5348921966459396E-03 -2.5123984896005832E-16  7.0795918519327275E-02 -7.4031183014385723E-16 -3.4930234779281394E-02  1.1339165446264264E-15 -2.3146105338257408E-02
  8.1610417009335773E-02 -2.5123984896005832E-16  3.6119268831768261E-03 -5.1462743261495254E-17 -3.0548058331587590E-02  8.1500338739716716E-16 -4.5209685034520650E-03 -7.0340816043636567E-16
  7.7107195156471075E-17  7.0795918519327275E-02 -5.1462743261495254E-17 -4.9777517659534767E-02 -3.3325768752719128E-16  3.8238796336127201E-03 -4.6951740165915484E-15  5.6169543801824165E-02
  1.3382842400411340E-02 -7.4031183014385723E-16 -3.0548058331587590E-02 -3.3325768752719128E-16 -3.0623762597090314E-02 -6.6424587333133944E-16  7.6452975626742539E-02  6.2773894457806277E-15
  1.0717686025667401E-15 -3.4930234779281394E-02  8.1500338739716716E-16  3.8238796336127201E-03 -6.6424587333133944E-16  5.2631932148285855E-02  1.1786528189728319E-15 -8.8977942122110062E-03
 -3.8261736624122203E-02  1.1339165446264264E-15 -4.5209685034520650E-03 -4.6951740165915484E-15  7.6452975626742539E-02  1.1786528189728319E-15 -1.7337899854573780E-02  6.1832108945987550E-15
 -2.9962623120840749E-15 -2.3146105338257408E-02 -7.0340816043636567E-16  5.6169543801824165E-02  6.2773894457806277E-15 -8.8977942122110062E-03  6.1832108945987550E-15 -8.5723487611808064E-02
 -1.8238369413023571E-16 -5.3374875158934361E-02  7.1233834954684798E-17  8.1430030806715167E-02 -1.3471194006053235E-16 -1.5922855570236906E-02  3.6910424625051308E-15 -4.8926348756396315E-02
 -5.3374875158934361E-02 -3.5436686522669249E-16  2.8573968235673406E-02  6.9078780918319984E-16  1.6201281039598753E-02  3.5537807840298228E-16 -2.7993443811173975E-02 -2.5515104656710988E-15
  7.1233834954684798E-17  2.8573968235673406E-02 -5.3270382295361734E-17 -2.9276216530120604E-02 -1.5286435070318695E-16  3.9766191345485449E-03 -3.3128292789427216E-15  3.9311283509009358E-02
  8.1430030806715167E-02  6.9078780918319984E-16 -2.9276216530120604E-02 -1.1979865383121824E-15 -3.6038755163416480E-02 -3.1061867842928002E-16  4.0582923604978997E-02  4.0913948751818588E-15
 -1.3471194006053235E-16  1.6201281039598753E-02 -1.5286435070318695E-16 -3.6038755163416480E-02 -2.1970671478598149E-16  1.1219797573721850E-02 -4.8863638383971665E-15  6.6173348013236988E-02
 -1.5922855570236906E-02  3.5537807840298228E-16  3.9766191345485449E-03 -3.1061867842928002E-16  1.1219797573721850E-02 -5.3075846167953718E-16  1.2695908827020641E-03  3.6569894086219770E-16
  3.6910424625051308E-15 -2.7993443811173975E-02 -3.3128292789427216E-15  4.0582923604978997E-02 -4.8863638383971665E-15  1.2695908827020641E-03  1.0030900899202723E-14 -5.8444498315098549E-02
 -4.8926348756396315E-02 -2.5515104656710988E-15  3.9311283509009358E-02  4.0913948751818588E-15  6.6173348013236988E-02  3.6569894086219770E-16 -5.8444498315098549E-02 -1.0000145048468184E-14
 -7.1936844032782846E-02 -4.2815513123052458E-16  1.3382842400411323E-02 -1.0383726249061214E-16  4.3253738069403559E-02  4.7089696171915328E-17 -1.9684230779160591E-02 -1.4026646018306856E-15
 -4.2815513123052458E-16 -5.6852388267929675E-02 -7.6003653884602138E-16  1.7236317996168544E-02  1.1592194876056514E-15  2.3671372365394312E-02  3.7343319735548397E-15 -2.8730306531560935E-02
  1.3382842400411323E-02 -7.6003653884602138E-16 -5.1493677506573715E-02 -5.5566733610901853E-16 -4.4932328532831827E-04 -5.2856596096814490E-16  3.8756173614188996E-02  3.1465034011939480E-15
 -1.0383726249061214E-16  1.7236317996168544E-02 -5.5566733610901853E-16 -6.2683708120830309E-02  5.6405421237448158E-16  2.2761102688741468E-02 -2.7148968691554887E-15  4.4837787850212280E-02
  4.3253738069403559E-02  1.1592194876056514E-15 -4.4932328532831827E-04  5.6405421237448158E-16 -5.0286871184583699E-02 -9.0106893454541423E-16  8.2867064546096672E-03  4.4268742737880500E-16
  4.7089696171915328E-17  2.3671372365394312E-02 -5.2856596096814490E-16  2.2761102688741468E-02 -9.0106893454541423E-16 -4.7353723878075314E-02 -1.2598306365487475E-18 -7.1017778375824098E-03
 -1.9684230779160591E-02  3.7343319735548397E-15  3.8756173614188996E-02 -2.7148968691554887E-15  8.2867064546096672E-03 -1.2598306365487475E-18 -5.6708797793611460E-02  1.1313821235199246E-15
 -1.4026646018306856E-15 -2.8730306531560935E-02  3.1465034011939480E-15  4.4837787850212280E-02  4.4268742737880500E-16 -7.1017778375824098E-03  1.1313821235199246E-15 -6.8064101068673777E-02
  5.1703079366421956E-16 -1.9727751340072468E-02  1.0872956161568236E-15 -1.5922855570236955E-02  5.7521990370379114E-17  2.2968002404693984E-02 -6.9523241297010156E-16  5.7131243337950402E-03
 -1.9727751340072468E-02  1.4205020809323655E-15 -3.7234303917741469E-02  6.3742470678047341E-16  2.0977043375872403E-02 -2.8348651407726695E-15  2.8988960501095642E-02  2.4775010771064360E-15
  1.0872956161568236E-15 -3.7234303917741469E-02  1.5146006036051423E-15 -1.6349904925918486E-02 -2.4115359798633992E-16  3.4028484678950900E-02  5.9816735766967126E-16 -6.3681011477546090E-03
 -1.5922855570236955E-02  6.3742470678047341E-16 -1.6349904925918486E-02  3.4610109292645736E-16  1.5714246835875335E-02 -1.1430323590396428E-15  9.9892191298625432E-03  1.2055223136409265E-15
  5.7521990370379114E-17  2.0977043375872403E-02 -2.4115359798633992E-16  1.5714246835875335E-02 -6.6399907095273346E-16 -3.5502350508522816E-02 -5.2877450643701317E-16 -2.8608324252997635E-03
  2.2968002404693984E-02 -2.8348651407726695E-15  3.4028484678950900E-02 -1.1430323590396428E-15 -3.5502350508522816E-02  6.3081505200839100E-15 -3.9213629729815999E-02 -3.9512248854028344E-15
 -6.9523241297010156E-16  2.8988960501095642E-02  5.9816735766967126E-16  9.9892191298625432E-03 -5.2877450643701317E-16 -3.9213629729815999E-02 -2.5520033210075227E-15  8.0553429759124412E-03
  5.7131243337950402E-03  2.4775010771064360E-15 -6.3681011477546090E-03  1.2055223136409265E-15 -2.8608324252997635E-03 -3.9512248854028344E-15  8.0553429759124412E-03  1.3863771595716341E-15
  4.0097053970845814E-02 -3.7326652093959598E-15 -3.8261736624122231E-02  3.7003130701216122E-15 -1.9684230779160601E-02 -6.5636732200880693E-16  3.8816067416569358E-02 -1.4056160227615386E-15
 -3.7326652093959598E-15 -1.7347506599248881E-03 -5.7279864385346703E-17 -3.7603657860745272E-02  3.4028537780632532E-15  2.6765970500285785E-02 -2.1111304376595850E-15  2.3478287325460045E-02
 -3.8261736624122231E-02 -5.7279864385346703E-17 -2.8883063220258849E-03 -3.2798782146554325E-15  3.0637590159154206E-02  1.1797732200898320E-15  1.6246013656145012E-04  2.6528121141317038E-15
  3.7003130701216122E-15 -3.7603657860745272E-02 -3.2798782146554325E-15  3.4192562549798917E-02 -2.0840510386461780E-15  4.4872628923666004E-03  7.5428526325837966E-15 -4.3609704309017741E-02
 -1.9684230779160601E-02  3.4028537780632532E-15  3.0637590159154206E-02 -2.0840510386461780E-15  1.1866802159218107E-02 -4.5963499758282854E-16 -4.0919279880862497E-02  5.8327327224385806E-16
 -6.5636732200880693E-16  2.6765970500285785E-02  1.1797732200898320E-15  4.4872628923666004E-03 -4.5963499758282854E-16 -2.9990794065895429E-02 -3.4043807472239872E-15  1.0798048502985625E-02
  3.8816067416569358E-02 -2.1111304376595850E-15  1.6246013656145012E-04  7.5428526325837966E-15 -4.0919279880862497E-02 -3.4043807472239872E-15  8.0333345177695664E-03 -7.9581305564268550E-15
 -1.4056160227615386E-15  2.3478287325460045E-02  2.6528121141317038E-15 -4.3609704309017741E-02  5.8327327224385806E-16  1.0798048502985625E-02 -7.9581305564268550E-15  5.5169404583644353E-02
  2.9988346189220384E-15  3.5900518174419659E-02 -2.9904430751336208E-15 -4.8926348756396405E-02 -1.3993840320221551E-15  5.7131243337950827E-03 -1.4824177137501106E-15  5.4284880860858642E-02
  3.5900518174419659E-02 -1.9074875720348020E-16 -1.0916022361694696E-02 -3.3770052596647973E-15 -2.6508894711799826E-02  2.3719470825498086E-15  1.9648250339351372E-02  3.4080769782219242E-15
 -2.9904430751336208E-15 -1.0916022361694696E-02 -3.6090851707563011E-16  3.1912894007334894E-02  2.3387304713430901E-15 -1.0059186067236350E-02  2.5546032042504839E-15 -2.9442393472024209E-02
 -4.8926348756396405E-02 -3.3770052596647973E-15  3.1912894007334894E-02  3.3376651927673171E-15  3.4569066128070418E-02  8.9710894279543441E-16 -3.8460436718467966E-02 -6.9541418183553428E-15
 -1.3993840320221551E-15 -2.6508894711799826E-02  2.3387304713430901E-15  3.4569066128070418E-02  1.1177821441799716E-15 -2.2954650126051418E-03  5.9069361910571945E-16 -4.5156126853936926E-02
  5.7131243337950827E-03  2.3719470825498086E-15 -1.0059186067236350E-02  8.9710894279543441E-16 -2.2954650126051418E-03 -3.5213252312664720E-15  1.3852567161433673E-02  1.4728622264124241E-15
 -1.4824177137501106E-15  1.9648250339351372E-02  2.5546032042504839E-15 -3.8460436718467966E-02  5.9069361910571945E-16  1.3852567161433673E-02 -6.7712842450089140E-15  4.7537466741699889E-02
  5.4284880860858642E-02  3.4080769782219242E-15 -2.9442393472024209E-02 -6.9541418183553428E-15 -4.5156126853936926E-02  1.4728622264124241E-15  4.7537466741699889E-02  1.1284308551707531E-14
 -6.3929893432692696E-16  1.3108814642232666E-01 -6.1894567222787520E-17 -5.3374875158934375E-02 -4.2072139555573876E-16 -1.9727751340072486E-02 -3.7307494954510551E-15  3.5900518174419638E-02
  1.3108814642232666E-01  3.6860595479092403E-16  8.4287930434451416E-02 -6.5444019165356677E-17 -4.6462761431244906E-02  1.6772880237243076E-15 -1.7083513607032110E-02 -1.5180348993638961E-15
 -6.1894567222787520E-17  8.4287930434451416E-02 -6.5481323820503121E-16  1.0512506691118648E-01 -1.1834187049052440E-15 -5.4187565575989541E-02  7.3990251891146947E-16 -2.5375182091315177E-02
 -5.3374875158934375E-02 -6.5444019165356677E-17  1.0512506691118648E-01  1.1862297717780300E-15  1.4217823021249821E-02  8.1405715451958724E-16 -4.8323310030734229E-02 -4.4997453797779868E-15
 -4.2072139555573876E-16 -4.6462761431244906E-02 -1.1834187049052440E-15  1.4217823021249821E-02  4.5043388678514485E-15  8.8644002526670526E-02  1.1949648490363621E-14 -8.2626515303100931E-02
 -1.9727751340072486E-02  1.6772880237243076E-15 -5.4187565575989541E-02  8.1405715451958724E-16  8.8644002526670526E-02 -1.0996013008513842E-14  1.1168127506559811E-01  1.0041894520592313E-14
 -3.7307494954510551E-15 -1.7083513607032110E-02  7.3990251891146947E-16 -4.8323310030734229E-02  1.1949648490363621E-14  1.1168127506559811E-01 -3.7227086298600170E-15  6.0603500749048959E-02
  3.5900518174419638E-02 -1.5180348993638961E-15 -2.5375182091315177E-02 -4.4997453797779868E-15 -8.2626515303100931E-02  1.0041894520592313E-14  6.0603500749048959E-02  9.6607647771673909E-15
  3.7860624633461332E-01  3.8502915844969897E-16  8.5348921966459396E-03 -3.2648391478397790E-16 -5.6852388267929710E-02  1.4806086164057502E-15 -1.7347506599248612E-03 -1.2144109815552060E-17
  3.8502915844969897E-16  3.8690100513694831E-01  3.5980486877961607E-16 -1.1517613015977538E-02 -1.7627672538334883E-15 -6.9831146646425715E-02 -4.1093534269020420E-15  2.1039288824077712E-02
  8.5348921966459396E-03  3.5980486877961607E-16  3.6317495893508922E-01  5.4858158263683349E-16 -3.0887852474074613E-02  2.8933319796348229E-15 -7.5985742202197198E-02 -6.8440518833422602E-15
 -3.2648391478397790E-16 -1.1517613015977538E-02  5.4858158263683349E-16  3.5523323225552650E-01 -1.2541435804629906E-15 -5.6744308906670503E-02  1.3186986492393361E-15 -4.2931437908940655E-02
 -5.6852388267929710E-02 -1.7627672538334883E-15 -3.0887852474074613E-02 -1.2541435804629906E-15  3.4170387349958381E-01  3.8654598821700778E-16  1.0545651342622569E-02  8.4656524829540365E-16
  1.4806086164057502E-15 -6.9831146646425715E-02  2.8933319796348229E-15 -5.6744308906670503E-02  3.8654598821700778E-16  3.5581511616577005E-01  7.5949561349218361E-16 -3.3850443027941732E-03
 -1.7347506599248612E-03 -4.1093534269020420E-15 -7.5985742202197198E-02  1.3186986492393361E-15  1.0545651342622569E-02  7.5949561349218361E-16  3.4651830049215054E-01  7.8094343569777173E-16
 -1.2144109815552060E-17  2.1039288824077712E-02 -6.8440518833422602E-15 -4.2931437908940655E-02  8.4656524829540365E-16 -3.3850443027941732E-03  7.8094343569777173E-16  3.4193071019123100E-01
 -2.6221414462565056E-16  8.4287930434451416E-02 -2.4273955907665035E-16  2.8573968235673385E-02 -7.7168776078050966E-16 -3.7234303917741476E-02 -6.2516262577319078E-17 -1.0916022361694694E-02
  8.4287930434451416E-02  3.2236942999275111E-16  1.2101564128044666E-01  3.6165874372641643E-16 -3.2968033089982945E-02  2.1677668058521870E-15 -4.6802345077224493E-02 -4.1243986470188607E-15
 -2.4273955907665035E-16  1.2101564128044666E-01 -5.7219056366274955E-16  8.4606349450603385E-02 -1.3314305725936560E-15 -5.3278369643151420E-02 -2.8069326903346379E-15  1.4181705707077500E-02
  2.8573968235673385E-02  3.6165874372641643E-16  8.4606349450603385E-02  4.0703637926145182E-16 -2.1701988840796931E-02  3.7456200908358699E-16 -9.1673017893281195E-03 -8.1228667694759240E-16
 -7.7168776078050966E-16 -3.2968033089982945E-02 -1.3314305725936560E-15 -2.1701988840796931E-02  4.9529952492639990E-15  1.0751818824465120E-01  7.5794603050998566E-15 -1.9931947054894240E-02
 -3.7234303917741476E-02  2.1677668058521870E-15 -5.3278369643151420E-02  3.7456200908358699E-16  1.0751818824465120E-01 -1.2389212120895112E-14  1.2266521868758380E-01  1.1367215174808009E-14
 -6.2516262577319078E-17 -4.6802345077224493E-02 -2.8069326903346379E-15 -9.1673017893281195E-03  7.5794603050998566E-15  1.2266521868758380E-01  6.6939942490320083E-15  4.9763419019144342E-03
 -1.0916022361694694E-02 -4.1243986470188607E-15  1.4181705707077500E-02 -8.1228667694759240E-16 -1.9931947054894240E-02  1.1367215174808009E-14  4.9763419019144342E-03  9.0504415641010568E-16
 -8.9698466138558502E-02 -6.6481379485902807E-17  7.0795918519327303E-02  6.8712473331582816E-16  1.7236317996168576E-02  6.5003933119239790E-16 -3.7603657860745265E-02 -3.4222728237570832E-15
 -6.6481379485902807E-17 -1.1517613015977543E-02  3.6171538118504192E-16  7.6535437343892926E-02 -6.5327330118921990E-16 -2.6576830284682419E-02  6.0770845525824353E-16 -1.8624448187844662E-02
  7.0795918519327303E-02  3.6171538118504192E-16  9.4955550937136934E-04  8.6594744587003855E-17 -2.6799916256586034E-02  2.0031327502980595E-16  4.2899360096150911E-03  4.5328554987747583E-16
  6.8712473331582816E-16  7.6535437343892926E-02  8.6594744587003855E-17 -5.6953805799400722E-02 -5.6056243956281372E-16  9.7215356829585976E-03 -4.3198823797259819E-15  5.7251213982187320E-02
  1.7236317996168576E-02 -6.5327330118921990E-16 -2.6799916256586034E-02 -5.6056243956281372E-16 -3.9810975270051924E-02 -1.6412513401335525E-16  7.2562746625166916E-02  6.4547794332042225E-15
  6.5003933119239790E-16 -2.6576830284682419E-02  2.0031327502980595E-16  9.7215356829585976E-03 -1.6412513401335525E-16  4.1194456821808230E-02  1.5420678317294531E-15 -6.1398856202982176E-03
 -3.7603657860745265E-02  6.0770845525824353E-16  4.2899360096150911E-03 -4.3198823797259819E-15  7.2562746625166916E-02  1.5420678317294531E-15 -2.4047139070667037E-02  6.0127719075653793E-15
 -3.4222728237570832E-15 -1.8624448187844662E-02  4.5328554987747583E-16  5.7251213982187320E-02  6.4547794332042225E-15 -6.1398856202982176E-03  6.0127719075653793E-15 -9.4379928764329934E-02
 -5.4804954665518606E-16 -4.6462761431244906E-02 -7.3670747066664816E-16  1.6201281039598760E-02  1.1528736839351459E-15  2.0977043375872403E-02  3.4149066162551048E-15 -2.6508894711799826E-02
 -4.6462761431244906E-02 -1.7462381069487636E-15 -3.2968033089982918E-02 -6.4166542906461683E-16  3.8949881549331752E-02 -5.3985811956359495E-17  1.8998178574889713E-02  1.6004079523150004E-15
 -7.3670747066664816E-16 -3.2968033089982918E-02 -1.3164396166553524E-15 -3.7626282432782050E-02  1.8003228812578796E-15  4.3590551900141668E-02  1.2992214907096431E-15  1.1709201562143756E-02
  1.6201281039598760E-02 -6.4166542906461683E-16 -3.7626282432782050E-02 -1.2222525936344883E-15 -4.0138391827657617E-03  2.5379247278125921E-17  3.5549093764598735E-02  3.2886330043444481E-15
  1.1528736839351459E-15  3.8949881549331752E-02  1.8003228812578796E-15 -4.0138391827657617E-03 -2.8400576872737554E-15 -3.7051926617966559E-02 -5.4396840694636370E-15  2.7001642077127234E-02
  2.0977043375872403E-02 -5.3985811956359495E-17  4.3590551900141668E-02  2.5379247278125921E-17 -3.7051926617966559E-02  2.7479665295809060E-15 -5.0483321577218611E-02 -4.3795500550718210E-15
  3.4149066162551048E-15  1.8998178574889713E-02  1.2992214907096431E-15  3.5549093764598735E-02 -5.4396840694636370E-15 -5.0483321577218611E-02 -6.8096430435343465E-16 -2.1565250591320102E-02
 -2.6508894711799826E-02  1.6004079523150004E-15  1.1709201562143756E-02  3.2886330043444481E-15  2.7001642077127234E-02 -4.3795500550718210E-15 -2.1565250591320102E-02 -3.4486584941517578E-15
 -3.1983043207330274E-02  1.6732071168643473E-15 -3.4930234779281435E-02  3.3903283487640684E-16  2.3671372365394332E-02 -2.8180811214982772E-15  2.6765970500285750E-02  2.3623498617919455E-15
  1.6732071168643473E-15 -6.9831146646425701E-02  2.1669448483357445E-15 -2.6576830284682440E-02 -6.4307176610221099E-17  6.1216580091932947E-02  2.9333104032483945E-16 -1.0334812513760948E-03
 -3.4930234779281435E-02  2.1669448483357445E-15 -6.2007248073815940E-02  1.1222662687542666E-15  3.8614405786835719E-02 -4.5325103749560998E-15  4.5507358594377760E-02  4.2549986443225895E-15
  3.3903283487640684E-16 -2.6576830284682440E-02  1.1222662687542666E-15 -2.9138812180776935E-02  2.1655376780116025E-16  3.3021651818993934E-02  6.7769265750425126E-16 -4.7159866010117448E-03
  2.3671372365394332E-02 -6.4307176610221099E-17  3.8614405786835719E-02  2.1655376780116025E-16 -4.4026678452487374E-02  2.3741613468881670E-15 -4.2374235307381512E-02 -3.9632992115103559E-15
 -2.8180811214982772E-15  6.1216580091932947E-02 -4.5325103749560998E-15  3.3021651818993934E-02  2.3741613468881670E-15 -9.2416412990740437E-02  1.9371324066944984E-15  7.0042859422026586E-03
  2.6765970500285750E-02  2.9333104032483945E-16  4.5507358594377760E-02  6.7769265750425126E-16 -4.2374235307381512E-02  1.9371324066944984E-15 -5.4441865309022203E-02 -3.7021411930089691E-15
  2.3623498617919455E-15 -1.0334812513760948E-03  4.2549986443225895E-15 -4.7159866010117448E-03 -3.9632992115103559E-15  7.0042859422026586E-03 -3.7021411930089691E-15 -1.0111284329513155E-02
 -5.1982009348566961E-15 -1.7083513607032096E-02  1.1492284300008037E-15 -2.7993443811173975E-02  3.7236639988693031E-15  2.8988960501095652E-02 -2.0965545956053893E-15  1.9648250339351372E-02
 -1.7083513607032096E-02 -4.1873112929276462E-15 -4.6802345077224514E-02  5.9445405481113180E-16  1.8998178574889699E-02  2.8680764176355057E-16  4.1045253841722314E-02  1.2056740781120494E-15
  1.1492284300008037E-15 -4.6802345077224514E-02 -4.0952372193508704E-15 -1.4060643051924759E-02  1.2068862626711691E-15  4.1008321204237211E-02  5.2008487950554004E-15 -1.3460178419251800E-02
 -2.7993443811173975E-02  5.9445405481113180E-16 -1.4060643051924759E-02 -4.8226826526073021E-15  2.8805159908109151E-02  1.1567901326521369E-15  4.3904360419413186E-03  3.4772859725271846E-15
  3.7236639988693031E-15  1.8998178574889699E-02  1.2068862626711691E-15  2.8805159908109151E-02 -5.7203060338931059E-15 -4.4392448977235634E-02 -9.2900954238546900E-16 -1.0686706100862142E-02
  2.8988960501095652E-02  2.8680764176355057E-16  4.1008321204237211E-02  1.1567901326521369E-15 -4.4392448977235634E-02  8.9359621903289544E-16 -4.4450073856248502E-02 -4.9795841980858389E-15
 -2.0965545956053893E-15  4.1045253841722314E-02  5.2008487950554004E-15  4.3904360419413186E-03 -9.2900954238546900E-16 -4.4450073856248502E-02 -1.0739645140648271E-14  1.9934685885214593E-02
  1.9648250339351372E-02  1.2056740781120494E-15 -1.3460178419251800E-02  3.4772859725271846E-15 -1.0686706100862142E-02 -4.9795841980858389E-15  1.9934685885214593E-02 -1.0197460052805976E-15
  4.6443443451721002E-02 -1.5100292928995241E-15 -2.3146105338257394E-02 -2.6374373474437745E-15 -2.8730306531561028E-02  2.5060145518345373E-15  2.3478287325460059E-02  3.3322450331225487E-15
 -1.5100292928995241E-15  2.1039288824077743E-02 -4.1396193187718533E-15 -1.8624448187844658E-02  1.5325017437821317E-15 -1.0334812513761199E-03  1.2214998215723121E-15  2.7762680361963013E-02
 -2.3146105338257394E-02 -4.1396193187718533E-15  2.5103994696121231E-02 -1.1458687139718889E-15  1.0307752779219831E-02  3.9578922454463467E-15 -1.6477100213238342E-02 -2.3718390530481050E-15
 -2.6374373474437745E-15 -1.8624448187844658E-02 -1.1458687139718889E-15  4.3497043908327412E-02  2.5670926996218985E-15 -7.9568483928351332E-03  3.4155777586830805E-15 -3.7947111736236078E-02
 -2.8730306531561028E-02  1.5325017437821317E-15  1.0307752779219831E-02  2.5670926996218985E-15  2.6918040697319252E-02 -3.7640503435738429E-15 -1.9889357288176469E-02 -2.2802966750514663E-15
  2.5060145518345373E-15 -1.0334812513761199E-03  3.9578922454463467E-15 -7.9568483928351332E-03 -3.7640503435738429E-15  1.1801840656854847E-02 -4.7693899916991417E-15  9.7290379230876908E-03
  2.3478287325460059E-02  1.2214998215723121E-15 -1.6477100213238342E-02  3.4155777586830805E-15 -1.9889357288176469E-02 -4.7693899916991417E-15  3.2329653570196099E-02  2.4732158527940177E-16
  3.3322450331225487E-15  2.7762680361963013E-02 -2.3718390530481050E-15 -3.7947111736236078E-02 -2.2802966750514663E-15  9.7290379230876908E-03  2.4732158527940177E-16  4.9701857815223703E-02
 -8.1932694719804577E-02 -7.5463706348687641E-17  8.1610417009335773E-02  7.5260941878693340E-17  1.3382842400411340E-02  1.0709358552770846E-15 -3.8261736624122210E-02 -2.9966223435881537E-15
 -7.5463706348687641E-17  8.5348921966459552E-03 -2.4289050283445829E-16  7.0795918519327275E-02 -7.3676013804720051E-16 -3.4930234779281401E-02  1.1314026826371177E-15 -2.3146105338257398E-02
  8.1610417009335773E-02 -2.4289050283445829E-16  3.6119268831768373E-03 -4.4997079711974902E-17 -3.0548058331587594E-02  8.1523074295543021E-16 -4.5209685034520606E-03 -7.0270835573240423E-16
  7.5260941878693340E-17  7.0795918519327275E-02 -4.4997079711974902E-17 -4.9777517659534733E-02 -3.3556765818226719E-16  3.8238796336127179E-03 -4.6964726953218835E-15  5.6169543801824165E-02
  1.3382842400411340E-02 -7.3676013804720051E-16 -3.0548058331587594E-02 -3.3556765818226719E-16 -3.0623762597090334E-02 -6.5127090337860188E-16  7.6452975626742553E-02  6.2755965547392754E-15
  1.0709358552770846E-15 -3.4930234779281401E-02  8.1523074295543021E-16  3.8238796336127179E-03 -6.5127090337860188E-16  5.2631932148285876E-02  1.1771906000696061E-15 -8.8977942122110062E-03
 -3.8261736624122210E-02  1.1314026826371177E-15 -4.5209685034520606E-03 -4.6964726953218835E-15  7.6452975626742553E-02  1.1771906000696061E-15 -1.7337899854573777E-02  6.1850356142026060E-15
 -2.9966223435881537E-15 -2.3146105338257398E-02 -7.0270835573240423E-16  5.6169543801824165E-02  6.2755965547392754E-15 -8.8977942122110062E-03  6.1850356142026060E-15 -8.5723487611808091E-02
 -2.4975447500627337E-16  8.4287930434451416E-02 -2.4584977610370030E-16  2.8573968235673385E-02 -7.6980227475822763E-16 -3.7234303917741476E-02 -6.5058658442025361E-17 -1.0916022361694698E-02
  8.4287930434451416E-02  3.3941666061376584E-16  1.2101564128044667E-01  3.6504399595504198E-16 -3.2968033089982945E-02  2.1707993562180476E-15 -4.6802345077224486E-02 -4.1238070967700674E-15
 -2.4584977610370030E-16  1.2101564128044667E-01 -5.8493940965587274E-16  8.4606349450603399E-02 -1.3327452697028095E-15 -5.3278369643151413E-02 -2.8014562810635827E-15  1.4181705707077503E-02
  2.8573968235673385E-02  3.6504399595504198E-16  8.4606349450603399E-02  4.5539129610863707E-16 -2.1701988840796931E-02  3.8162661521592604E-16 -9.1673017893281212E-03 -8.1041047431288263E-16
 -7.6980227475822763E-16 -3.2968033089982945E-02 -1.3327452697028095E-15 -2.1701988840796931E-02  4.9475861528271721E-15  1.0751818824465120E-01  7.5860023057630543E-15 -1.9931947054894240E-02
 -3.7234303917741476E-02  2.1707993562180476E-15 -5.3278369643151413E-02  3.8162661521592604E-16  1.0751818824465120E-01 -1.2405376112340901E-14  1.2266521868758380E-01  1.1366863585811940E-14
 -6.5058658442025361E-17 -4.6802345077224486E-02 -2.8014562810635827E-15 -9.1673017893281212E-03  7.5860023057630543E-15  1.2266521868758380E-01  6.7061933034404492E-15  4.9763419019144281E-03
 -1.0916022361694698E-02 -4.1238070967700674E-15  1.4181705707077503E-02 -8.1041047431288263E-16 -1.9931947054894240E-02  1.1366863585811940E-14  4.9763419019144281E-03  9.2405813835015797E-16
  3.6046971186058274E-01 -6.3062815735853642E-16  3.6119268831768508E-03 -8.8844680693500823E-17 -5.1493677506573694E-02  1.4910421513264770E-15 -2.8883063220258875E-03 -3.5997106176081763E-16
 -6.3062815735853642E-16  3.6317495893508922E-01 -5.8899254332054123E-16  9.4955550937138376E-04 -1.2913986209544818E-15 -6.2007248073815954E-02 -4.0748445688779650E-15  2.5103994696121165E-02
  3.6119268831768508E-03 -5.8899254332054123E-16  3.5864541950120216E-01 -4.2381562166630877E-16 -2.8265279996161026E-02  2.8450570324293089E-15 -6.5842436110952654E-02 -5.8505578967646311E-15
 -8.8844680693500823E-17  9.4955550937138376E-04 -4.2381562166630877E-16  3.4268999781163251E-01 -1.2271380176717479E-15 -4.9043598900868055E-02  1.4203994161484252E-15 -3.7427510117052351E-02
 -5.1493677506573694E-02 -1.2913986209544818E-15 -2.8265279996161026E-02 -1.2271380176717479E-15  3.2759412192785331E-01 -4.8170655476217857E-16  1.2154943764022682E-02  1.7064734818153287E-15
  1.4910421513264770E-15 -6.2007248073815954E-02  2.8450570324293089E-15 -4.9043598900868055E-02 -4.8170655476217857E-16  3.4592017844554679E-01 -4.5397444736718407E-16 -6.0670059982202945E-04
 -2.8883063220258875E-03 -4.0748445688779650E-15 -6.5842436110952654E-02  1.4203994161484252E-15  1.2154943764022682E-02 -4.5397444736718407E-16  3.3657124022552060E-01  1.0969842054303382E-15
 -3.5997106176081763E-16  2.5103994696121165E-02 -5.8505578967646311E-15 -3.7427510117052351E-02  1.7064734818153287E-15 -6.0670059982202945E-04  1.0969842054303382E-15  3.2485878761341619E-01
 -3.4912907480880179E-16  1.0512506691118642E-01 -8.4807506168282241E-17 -2.9276216530120528E-02 -5.7835106108349801E-16 -1.6349904925918441E-02 -3.2385279375730716E-15  3.1912894007334845E-02
  1.0512506691118642E-01  6.7644345657447197E-16  8.4606349450603358E-02  1.1413092593734141E-16 -3.7626282432782002E-02  1.1988062327751371E-15 -1.4060643051924764E-02 -1.2878151511925468E-15
 -8.4807506168282241E-17  8.4606349450603358E-02 -5.4046435035877958E-16  1.0200529836284213E-01 -1.0905268916294953E-15 -4.0739393337095177E-02 -2.6082782493241837E-16 -1.2710169218769671E-02
 -2.9276216530120528E-02  1.1413092593734141E-16  1.0200529836284213E-01  4.9316237180831411E-16  1.1276474103242628E-02  2.4782221517471109E-16 -3.2020905884825979E-02 -3.3031877671224290E-15
 -5.7835106108349801E-16 -3.7626282432782002E-02 -1.0905268916294953E-15  1.1276474103242628E-02  4.3276289490024395E-15  8.4254205752511621E-02  1.0238668683760803E-14 -6.2780773577191834E-02
 -1.6349904925918441E-02  1.1988062327751371E-15 -4.0739393337095177E-02  2.4782221517471109E-16  8.4254205752511621E-02 -1.0508349560907354E-14  1.0780478591322486E-01  9.6309195645192587E-15
 -3.2385279375730716E-15 -1.4060643051924764E-02 -2.6082782493241837E-16 -3.2020905884825979E-02  1.0238668683760803E-14  1.0780478591322486E-01 -2.0151264624373269E-15  4.9430790458932790E-02
  3.1912894007334845E-02 -1.2878151511925468E-15 -1.2710169218769671E-02 -3.3031877671224290E-15 -6.2780773577191834E-02  9.6309195645192587E-15  4.9430790458932790E-02  8.1808861771919228E-15
  2.4934624743259822E-03 -1.1549249508522896E-15 -3.0548058331587601E-02 -2.0976851140614555E-16 -4.4932328532831274E-04 -2.3426324276391863E-16  3.0637590159154227E-02  2.4023520636051583E-15
 -1.1549249508522896E-15 -3.0887852474074634E-02 -1.3227556176348329E-15 -2.6799916256586044E-02  1.7899235477192148E-15  3.8614405786835719E-02  1.2266995808774055E-15  1.0307752779219836E-02
 -3.0548058331587601E-02 -1.3227556176348329E-15 -2.8265279996160950E-02 -1.0849561089294162E-15  3.2674898350033635E-02  7.0773227710973355E-17  1.8945435187816436E-02  1.9032024122675801E-15
 -2.0976851140614555E-16 -2.6799916256586044E-02 -1.0849561089294162E-15  7.8871316045797473E-04  1.0213600597780700E-15  1.7622012634272231E-02  3.3289109159250393E-15 -2.3140985708985089E-02
 -4.4932328532831274E-04  1.7899235477192148E-15  3.2674898350033635E-02  1.0213600597780700E-15 -1.5554783372091175E-02 -1.1503687918180175E-15 -3.4512184583481535E-02 -2.3371313310088828E-15
 -2.3426324276391863E-16  3.8614405786835719E-02  7.0773227710973355E-17  1.7622012634272231E-02 -1.1503687918180175E-15 -5.2667122107906701E-02 -2.5859801829381505E-15  8.6318120661142313E-03
  3.0637590159154227E-02  1.2266995808774055E-15  1.8945435187816436E-02  3.3289109159250393E-15 -3.4512184583481535E-02 -2.5859801829381505E-15 -2.1259170052321853E-02 -3.6214626801744114E-15
  2.4023520636051583E-15  1.0307752779219836E-02  1.9032024122675801E-15 -2.3140985708985089E-02 -2.3371313310088828E-15  8.6318120661142313E-03 -3.6214626801744114E-15  1.9497062385427540E-02
  2.4081898863626067E-15 -5.4187565575989582E-02  7.6549776136268585E-16  3.9766191345485865E-03 -5.7857010761489181E-16  3.4028484678950907E-02  1.2156950386736072E-15 -1.0059186067236388E-02
 -5.4187565575989582E-02  2.9409231025164051E-15 -5.3278369643151420E-02  1.9976139331685229E-16  4.3590551900141696E-02 -4.5079191441579488E-15  4.1008321204237197E-02  3.9850742354198001E-15
  7.6549776136268585E-16 -5.3278369643151420E-02  2.7681804251034361E-15 -4.0739393337095232E-02  1.3929765402803682E-17  6.3865987793026255E-02 -7.2286161990973940E-16  5.1111843305791816E-03
  3.9766191345485865E-03  1.9976139331685229E-16 -4.0739393337095232E-02  9.7439957351912299E-16  1.5061211705842129E-02 -2.6493972714265509E-15  3.6154613135497352E-02  2.7704637100728531E-15
 -5.7857010761489181E-16  4.3590551900141696E-02  1.3929765402803682E-17  1.5061211705842129E-02 -4.8731080555334626E-16 -5.7267633957010969E-02 -4.1712323767690010E-15  2.3440684339265324E-02
  3.4028484678950907E-02 -4.5079191441579488E-15  6.3865987793026255E-02 -2.6493972714265509E-15 -5.7267633957010969E-02  1.0036743185975282E-14 -6.6877614906660041E-02 -6.5039871608178807E-15
  1.2156950386736072E-15  4.1008321204237197E-02 -7.2286161990973940E-16  3.6154613135497352E-02 -4.1712323767690010E-15 -6.6877614906660041E-02 -3.2708881718783519E-16 -8.5741427262341491E-03
 -1.0059186067236388E-02  3.9850742354198001E-15  5.1111843305791816E-03  2.7704637100728531E-15  2.3440684339265324E-02 -6.5039871608178807E-15 -8.5741427262341491E-03  5.3739955366774527E-16
 -7.1462333482767107E-02  7.6299818098093878E-16 -4.5209685034519869E-03 -3.2914368934675311E-15  3.8756173614189052E-02  5.6004787126265213E-16  1.6246013656137656E-04  2.6075496409612018E-15
  7.6299818098093878E-16 -7.5985742202197198E-02 -2.8290589329424714E-15  4.2899360096151943E-03  1.3364837760951400E-15  4.5507358594377767E-02  5.2034133186191961E-15 -1.6477100213238293E-02
 -4.5209685034519869E-03 -2.8290589329424714E-15 -6.5842436110952654E-02 -2.1686740318681335E-16  1.8945435187816349E-02 -6.7318450496925592E-16  5.0138618975792436E-02  2.3274508882235683E-15
 -3.2914368934675311E-15  4.2899360096151943E-03 -2.1686740318681335E-16 -6.0041843577563675E-02  3.0542820243874255E-15  3.5363836973167223E-02 -2.4015447566131242E-15  2.9031120133112761E-02
  3.8756173614189052E-02  1.3364837760951400E-15  1.8945435187816349E-02  3.0542820243874255E-15 -6.1466703290989307E-02 -2.3815364991845788E-15 -1.0553426629180679E-02 -3.3916288668350049E-15
  5.6004787126265213E-16  4.5507358594377767E-02 -6.7318450496925592E-16  3.5363836973167223E-02 -2.3815364991845788E-15 -7.5388338713388764E-02 -2.0117056208794735E-15  1.5672044737574935E-03
  1.6246013656137656E-04  5.2034133186191961E-15  5.0138618975792436E-02 -2.4015447566131242E-15 -1.0553426629180679E-02 -2.0117056208794735E-15 -6.6380460004916847E-02  2.1722026644627885E-15
  2.6075496409612018E-15 -1.6477100213238293E-02  2.3274508882235683E-15  2.9031120133112761E-02 -3.3916288668350049E-15  1.5672044737574935E-03  2.1722026644627885E-15 -5.9686069181344774E-02
 -6.1399950217733937E-15 -2.5375182091315264E-02 -8.0598041262207135E-16  3.9311283509009434E-02  3.0635938077177057E-15 -6.3681011477545344E-03  2.7186313345511716E-15 -2.9442393472024032E-02
 -2.5375182091315264E-02 -6.5916763616559395E-15  1.4181705707077476E-02  4.2941038512225366E-16  1.1709201562143794E-02  4.3205592049352695E-15 -1.3460178419251723E-02 -2.4395045547017260E-15
 -8.0598041262207135E-16  1.4181705707077476E-02 -5.9519057319945394E-15 -1.2710169218769619E-02  1.8661760446440630E-15  5.1111843305792501E-03  2.2070164860699182E-15  2.4596568975017261E-02
  3.9311283509009434E-02  4.2941038512225366E-16 -1.2710169218769619E-02 -6.5342727841648044E-15 -2.1222054354545435E-02  2.7948370834055867E-15  2.5763585198643007E-02  4.2480767746030602E-15
  3.0635938077177057E-15  1.1709201562143794E-02  1.8661760446440630E-15 -2.1222054354545435E-02 -5.2668203605286470E-15  6.8884046423392702E-03 -3.8111985015858238E-15  3.4823328739874926E-02
 -6.3681011477545344E-03  4.3205592049352695E-15  5.1111843305792501E-03  2.7948370834055867E-15  6.8884046423392702E-03 -7.4083781800594346E-15  9.7497382289037874E-04  5.4386098060387011E-16
  2.7186313345511716E-15 -1.3460178419251723E-02  2.2070164860699182E-15  2.5763585198643007E-02 -3.8111985015858238E-15  9.7497382289037874E-04 -7.3351146770825424E-16 -3.0429680504255385E-02
 -2.9442393472024032E-02 -2.4395045547017260E-15  2.4596568975017261E-02  4.2480767746030602E-15  3.4823328739874926E-02  5.4386098060387011E-16 -3.0429680504255385E-02 -9.0285074399558468E-15
 -1.7610247744904391E-16 -5.3374875158934354E-02  7.6822751081381161E-17  8.1430030806715153E-02 -1.3329105095782002E-16 -1.5922855570236906E-02  3.6900143772987211E-15 -4.8926348756396315E-02
 -5.3374875158934354E-02 -3.5668014824971367E-16  2.8573968235673392E-02  7.0735779768665832E-16  1.6201281039598760E-02  3.5695954437338902E-16 -2.7993443811173975E-02 -2.5524185932333898E-15
  7.6822751081381161E-17  2.8573968235673392E-02  6.9774653194925073E-17 -2.9276216530120608E-02 -1.5092766318500278E-16  3.9766191345485397E-03 -3.3163470223152579E-15  3.9311283509009372E-02
  8.1430030806715153E-02  7.0735779768665832E-16 -2.9276216530120608E-02 -1.2048151938188825E-15 -3.6038755163416480E-02 -3.2916704213950425E-16  4.0582923604978977E-02  4.0658107981327279E-15
 -1.3329105095782002E-16  1.6201281039598760E-02 -1.5092766318500278E-16 -3.6038755163416480E-02 -3.0929929244023382E-16  1.1219797573721850E-02 -4.8847854849849867E-15  6.6173348013236988E-02
 -1.5922855570236906E-02  3.5695954437338902E-16  3.9766191345485397E-03 -3.2916704213950425E-16  1.1219797573721850E-02 -4.3542789753378922E-16  1.2695908827020698E-03  3.6638469663077571E-16
  3.6900143772987211E-15 -2.7993443811173975E-02 -3.3163470223152579E-15  4.0582923604978977E-02 -4.8847854849849867E-15  1.2695908827020698E-03  1.0156156554043561E-14 -5.8444498315098549E-02
